ld r16, imm16
7,6,5,4,3,2,1,0
00xx0001

--

LD BC, nn
0000|0001
0x01

0x01, 0x34, 0x12
B <- 0x12
C <- 0x34

---

LD DE, nn
0001|0001
0x11

0x11, 0x78, 0x56
D <- 0x56
E <- 0x78

